FI index: 2, SDC: 0.07539163585791966, Benign: 0.6023032966243129, Crash: 0.3223050675177674
FI index: 3, SDC: 0.06390689358033562, Benign: 0.647517768449333, Crash: 0.28857533797033136
FI index: 4, SDC: 0.07539163585791966, Benign: 0.6023032966243129, Crash: 0.3223050675177674
FI index: 5, SDC: 0.07539163585791966, Benign: 0.6023032966243129, Crash: 0.3223050675177674
FI index: 6, SDC: 0.07539163585791966, Benign: 0.6023032966243129, Crash: 0.3223050675177674
FI index: 7, SDC: 0.07547268115346631, Benign: 0.6018740042844757, Crash: 0.322653314562058
FI index: 8, SDC: 0.07547268115346631, Benign: 0.6018740042844757, Crash: 0.322653314562058
FI index: 9, SDC: 0.06517385726608978, Benign: 0.6090226443289395, Crash: 0.32580349840497075
FI index: 10, SDC: 0.06517385726608978, Benign: 0.6090226443289395, Crash: 0.32580349840497075
FI index: 11, SDC: 0.12302672072129765, Benign: 0.1626950276898368, Crash: 0.7142782515888656
FI index: 12, SDC: 0.0, Benign: 1.0, Crash: 0.0
FI index: 14, SDC: 0.07311659691011847, Benign: 0.5953096364355712, Crash: 0.3315737666543103
FI index: 18, SDC: 0.0, Benign: 1.0, Crash: 0.0
FI index: 19, SDC: 0.0, Benign: 1.0, Crash: 0.0
FI index: 21, SDC: 0.06692075685837993, Benign: 0.5985430101340823, Crash: 0.3345362330075378
FI index: 22, SDC: 0.06692075685837993, Benign: 0.5985430101340823, Crash: 0.3345362330075378
FI index: 23, SDC: 0.06692075685837993, Benign: 0.5985430101340823, Crash: 0.3345362330075378
FI index: 27, SDC: 0.06739152729411159, Benign: 0.5950563594370442, Crash: 0.3375521132688443
FI index: 28, SDC: 0.06692075685837993, Benign: 0.5985430101340823, Crash: 0.3345362330075378
FI index: 29, SDC: 0.0, Benign: 1.0, Crash: 0.0
FI index: 34, SDC: 0.0, Benign: 1.0, Crash: 0.0
FI index: 39, SDC: 1.0, Benign: 0.0, Crash: 0.0
FI index: 41, SDC: 0.0, Benign: 1.0, Crash: 0.0
FI index: 44, SDC: 0.0, Benign: 1.0, Crash: 0.0
FI index: 45, SDC: 0.0, Benign: 1.0, Crash: 0.0
FI index: 46, SDC: 1.0, Benign: 0.0, Crash: 0.0
FI index: 48, SDC: 0.0, Benign: 1.0, Crash: 0.0
FI index: 49, SDC: 0.0, Benign: 1.0, Crash: 0.0
FI index: 53, SDC: 0.11318980902760824, Benign: 0.13681019097239178, Crash: 0.75
FI index: 54, SDC: 0.45275923611043295, Benign: 0.5472407638895671, Crash: 0.0
FI index: 55, SDC: 0.07074363064225514, Benign: 0.5855063693577449, Crash: 0.34375
FI index: 58, SDC: 0.14636568567444624, Benign: 0.6790306925740308, Crash: 0.174603621751523
FI index: 62, SDC: 1.0, Benign: 0.0, Crash: 0.0
FI index: 64, SDC: 0.0374055, Benign: 0.9625944999999999, Crash: 0.0
FI index: 65, SDC: 0.0374055, Benign: 0.9625944999999999, Crash: 0.0
FI index: 66, SDC: 0.07481095454545454, Benign: 0.9251890454545454, Crash: 0.0
FI index: 67, SDC: 0.0, Benign: 1.0, Crash: 0.0
FI index: 68, SDC: 0.0, Benign: 1.0, Crash: 0.0
FI index: 70, SDC: 0.0, Benign: 1.0, Crash: 0.0
FI index: 71, SDC: 0.0, Benign: 1.0, Crash: 0.0
FI index: 72, SDC: 0.0, Benign: 1.0, Crash: 0.0
FI index: 76, SDC: 0.0, Benign: 1.0, Crash: 0.0
FI index: 80, SDC: 0.0374055, Benign: 0.9625944999999999, Crash: 0.0
FI index: 81, SDC: 0.0374055, Benign: 0.9625944999999999, Crash: 0.0
FI index: 82, SDC: 0.07481095454545454, Benign: 0.9251890454545454, Crash: 0.0
FI index: 83, SDC: 0.06862892157010543, Benign: 0.5876210784298945, Crash: 0.34375
FI index: 84, SDC: 0.43922669804867465, Benign: 0.5607733019513254, Crash: 0.0
FI index: 85, SDC: 0.06862892157010543, Benign: 0.5876210784298945, Crash: 0.34375
FI index: 86, SDC: 0.43922669804867465, Benign: 0.5607733019513254, Crash: 0.0
FI index: 87, SDC: 0.06876388235515814, Benign: 0.5874861176448418, Crash: 0.34375
FI index: 88, SDC: 0.44009004707301197, Benign: 0.559909952926988, Crash: 0.0
FI index: 89, SDC: 1.0, Benign: 0.0, Crash: 0.0
FI index: 94, SDC: 1.0, Benign: 0.0, Crash: 0.0
FI index: 99, SDC: 0.11006532252790253, Benign: 0.14403167747209744, Crash: 0.745903
FI index: 100, SDC: 0.11067002353650601, Benign: 0.139329976463494, Crash: 0.75
FI index: 101, SDC: 0.11067002353650601, Benign: 0.139329976463494, Crash: 0.75
FI index: 102, SDC: 0.11067002353650601, Benign: 0.139329976463494, Crash: 0.75
FI index: 103, SDC: 0.44268009414602405, Benign: 0.557319905853976, Crash: 0.0
FI index: 104, SDC: 0.44268009414602405, Benign: 0.557319905853976, Crash: 0.0
FI index: 105, SDC: 0.06916876471031626, Benign: 0.5870812352896837, Crash: 0.34375
FI index: 109, SDC: 0.05050500000000001, Benign: 0.949495, Crash: 0.0
FI index: 110, SDC: 1.0, Benign: 0.0, Crash: 0.0
FI index: 113, SDC: 1.0, Benign: 0.0, Crash: 0.0
FI index: 115, SDC: 0.07074363064225514, Benign: 0.5855063693577449, Crash: 0.34375
FI index: 116, SDC: 0.45275923611043284, Benign: 0.5472407638895671, Crash: 0.0
FI index: 117, SDC: 0.07074363064225514, Benign: 0.5855063693577449, Crash: 0.34375
FI index: 121, SDC: 0.14636568567444624, Benign: 0.6790306925740308, Crash: 0.174603621751523
FI index: 125, SDC: 0.9, Benign: 0.09999999999999998, Crash: 0.0
FI index: 127, SDC: 0.15625, Benign: 0.5, Crash: 0.34375
FI index: 128, SDC: 1.0, Benign: 0.0, Crash: 0.0
FI index: 129, SDC: 0.25, Benign: 0.0, Crash: 0.75
Aggregated SDC: 0.2542188460936286
Aggregated Benign: 0.5975790658853696
Aggregated Crash: 0.14820208802100193
